3.3932859897613525
3.3951480388641357
3.362135171890259
3.3127806186676025
3.22672438621521
2.9915883541107178
2.9192211627960205
2.625699758529663
2.3126027584075928
2.2422573566436768
2.1940271854400635
1.8623253107070923
1.548592209815979
1.2716063261032104
1.3332850933074951
0.9480482935905457
1.308592677116394
0.776655375957489
0.908057689666748
0.7894598841667175
1.0038663148880005
0.8496502041816711
0.6793574690818787
0.6851972937583923
0.5319231748580933
0.7177245020866394
0.7655872702598572
0.9385587573051453
0.4987736642360687
0.8054683804512024
0.5837499499320984
0.453853577375412
0.3506556451320648
0.6482458114624023
0.4038829803466797
0.2516680657863617
0.6420064568519592
0.36069121956825256
0.32975244522094727
0.2226141095161438
0.24760861694812775
0.37070515751838684
0.3517315685749054
0.30360865592956543
0.3829103410243988
0.29377734661102295
0.40029123425483704
0.22051085531711578
0.22763006389141083
0.3416875898838043
0.4307362735271454
0.4072447121143341
0.2082027792930603
0.2695343792438507
0.19077442586421967
0.2944653332233429
0.5089779496192932
0.12558597326278687
0.19994498789310455
0.37851929664611816
0.20186114311218262
0.1859935075044632
0.19709976017475128
0.5690799951553345
0.16189561784267426
0.29041314125061035
0.16197682917118073
0.12485227733850479
0.31317993998527527
0.24338586628437042
0.25017717480659485
0.4071032702922821
0.06733675301074982
0.1961631327867508
0.09882080554962158
0.21090972423553467
0.13409149646759033
0.1837482899427414
0.06342070549726486
0.032089781016111374
0.13011373579502106
0.18877790868282318
0.17186272144317627
0.1380668729543686
0.29113414883613586
0.07393260300159454
0.11895491927862167
0.3532754182815552
0.18149639666080475
0.13012516498565674
0.16459916532039642
0.09247078746557236
0.17448116838932037
0.04141809418797493
0.17772237956523895
0.12488683313131332
0.10901668667793274
0.14878414571285248
0.14353564381599426
0.09339147806167603
0.10845023393630981
0.15912267565727234
0.20494520664215088
0.12346333265304565
0.10249846428632736
0.12723717093467712
0.2131737917661667
0.1755545288324356
0.20657263696193695
0.17783422768115997
0.16666777431964874
0.08567631244659424
0.12126392126083374
0.18976128101348877
0.07127252966165543
0.14869029819965363
0.09856385737657547
0.15922923386096954
0.1051112487912178
0.07990219444036484
0.10078659653663635
0.01760251633822918
0.11830899864435196
0.13048198819160461
0.08094057440757751
0.16807550191879272
0.14835430681705475
0.01683337800204754
0.045999109745025635
0.2181476503610611
0.038678426295518875
0.14630012214183807
0.19447092711925507
0.07318266481161118
0.039610713720321655
0.17283235490322113
0.1786607950925827
0.14530174434185028
0.06620828807353973
0.09392473846673965
0.13366450369358063
0.09304650872945786
0.10757973790168762
0.11528584361076355
0.18963080644607544
0.005212586373090744
0.1579890102148056
0.042139556258916855
0.07950073480606079
0.10825639218091965
0.1746833175420761
0.07668518275022507
0.09944098442792892
0.06765744090080261
0.2109145075082779
0.14461027085781097
0.1322723776102066
0.07407880574464798
0.17577190697193146
0.1619327813386917
0.14209246635437012
0.1314610093832016
0.07643484324216843
0.07343614101409912
0.15393170714378357
0.07238281518220901
0.12249653786420822
0.15905867516994476
0.09678476303815842
0.16439376771450043
0.005362520460039377
0.09540162235498428
0.007560445461422205
0.10927948355674744
0.1920786052942276
0.03644733130931854
0.08745504170656204
0.14635588228702545
0.07925798743963242
0.07748173177242279
0.06305839866399765
0.11116503924131393
0.07033874839544296
0.07036510854959488
0.07450989633798599
0.27413877844810486
0.14452050626277924
0.15559470653533936
0.075010746717453
0.13181276619434357
0.036458760499954224
0.034258365631103516
0.05751517415046692
0.2074131816625595
0.15685373544692993
0.2504679262638092
0.09504607319831848
0.07009964436292648
0.11386295408010483
0.003513809060677886
0.0029436994809657335
0.10020848363637924
0.1455715149641037
0.14690212905406952
0.19853712618350983
0.22831963002681732
0.09237179905176163
0.227158784866333
0.13646353781223297
0.13021601736545563
0.10770244151353836
0.15581192076206207
0.07698475569486618
0.07838456332683563
0.10256738215684891
0.07250716537237167
0.08803098648786545
0.12825845181941986
0.06549901515245438
0.13297311961650848
0.031114526093006134
0.04967227578163147
0.0005183863104321063
0.12825165688991547
0.0745227113366127
0.17491714656352997
0.10741593688726425
0.27300629019737244
0.24362564086914062
0.05982120707631111
0.21259935200214386
0.11236727237701416
0.038209278136491776
0.005678100977092981
0.21387429535388947
0.1504829078912735
0.07588770985603333
0.04440389573574066
0.07162488251924515
0.13126812875270844
0.1483672857284546
0.03279685974121094
0.25522956252098083
0.06572544574737549
0.08116984367370605
0.10417211800813675
0.0898703932762146
0.24688048660755157
0.13346831500530243
0.04230611398816109
0.24292612075805664
0.19287945330142975
0.005798710975795984
0.15581850707530975
0.1997016817331314
0.032971497625112534
0.07052761316299438
0.0905776396393776
0.06943408399820328
0.03666222468018532
0.034240175038576126
0.18361039459705353
0.0331127867102623
0.0748940259218216
0.07010595500469208
0.0008212053799070418
0.15328942239284515
0.0009759948588907719
0.26681897044181824
0.14753936231136322
0.20005814731121063
0.06437438726425171
0.19092382490634918
0.1208830177783966
0.036425672471523285
0.03196503594517708
0.10864979773759842
0.1434997320175171
0.0699693039059639
0.11552343517541885
0.0034288184251636267
0.17018671333789825
0.1931578516960144
0.18978343904018402
0.048201847821474075
0.12392422556877136
0.13301242887973785
0.03314599394798279
0.03933216631412506
0.10769578069448471
0.1327761560678482
0.03317510709166527
0.2803080976009369
0.24520085752010345
0.17882509529590607
0.03567708656191826
0.11357027292251587
0.1161431297659874
0.11913183331489563
0.20136064291000366
0.07200001180171967
0.11660132557153702
0.24131059646606445
0.15923970937728882
0.17488642036914825
0.09773814678192139
0.0012451220536604524
0.17852556705474854
0.06552278250455856
0.11213147640228271
0.1591215878725052
0.1563430279493332
0.23554615676403046
0.1020873561501503
0.1355067938566208
0.06537443399429321
0.14195244014263153
0.12375429272651672
0.1647304892539978
0.1039644256234169
0.22248269617557526
0.10757661610841751
0.03762529790401459
0.1863207221031189
0.06986000388860703
0.07760020345449448
0.11585979908704758
0.03884730860590935
0.2778986096382141
0.05814504623413086
0.14830876886844635
0.10888681560754776
0.13507552444934845
0.1590183824300766
0.10337486118078232
0.13024818897247314
0.00012831075582653284
0.07281778007745743
0.06677541881799698
0.14441406726837158
0.1258510798215866
0.06318221241235733
0.03487300127744675
0.06488360464572906
0.1371094435453415
0.03541857376694679
0.10045015066862106
0.06733185797929764
0.0644313246011734
0.2424197793006897
0.1545197069644928
0.03709205985069275
0.16163256764411926
0.14531782269477844
0.09350293129682541
0.17522214353084564
0.03339248523116112
0.00016662316920701414
0.032246146351099014
0.032912783324718475
0.06634851545095444
0.13400956988334656
0.1132124736905098
0.02774634212255478
0.07368283718824387
0.03572370484471321
0.1781080812215805
0.10293915867805481
0.1573152393102646
0.09624814242124557
0.09756837040185928
0.10486113280057907
0.03258459270000458
0.06582389026880264
0.04271398484706879
0.07675615698099136
0.1094435378909111
0.10942620784044266
0.10205648094415665
0.10419904440641403
0.14338548481464386
0.0006928506190888584
0.04638015851378441
0.03714718297123909
0.11774403601884842
0.0397353358566761
0.06686926633119583
0.05973389372229576
0.039182599633932114
0.16670989990234375
3.289775850134902e-05
0.1452343612909317
0.08721228688955307
0.17371870577335358
0.14294403791427612
0.07568327337503433
0.10743587464094162
0.1716502159833908
0.07397127896547318
0.1762191206216812
0.038742873817682266
0.18895214796066284
0.07398879528045654
0.037915296852588654
0.15094450116157532
0.20481042563915253
0.1054919958114624
0.10089162737131119
0.14468766748905182
0.10103990882635117
0.14046716690063477
0.10114990919828415
0.22976334393024445
0.000463470903923735
0.2504470646381378
0.15854500234127045
0.20384447276592255
0.062314022332429886
0.16713307797908783
0.1534307599067688
0.030629197135567665
0.18970292806625366
0.3059413731098175
0.08267205208539963
0.14918024837970734
0.10384006053209305
0.09995975345373154
0.11181021481752396
0.13372448086738586
0.22506868839263916
0.07763933390378952
0.0001847236417233944
0.07466815412044525
0.1595011204481125
0.10529598593711853
0.13743209838867188
0.10100708156824112
0.0007862885831855237
0.06956072896718979
0.1017538532614708
0.10731089860200882
0.07157949358224869
0.20070575177669525
0.03372201696038246
0.1538098305463791
0.03524473309516907
0.09868067502975464
0.17361818253993988
0.10790100693702698
0.03382130339741707
0.03139015659689903
0.15348082780838013
0.0918373093008995
0.07970277965068817
0.06640414893627167
0.07665961235761642
0.14581553637981415
0.10583723336458206
0.2025749236345291
0.1135658398270607
0.10157201439142227
0.06799440830945969
0.039303284138441086
0.0017099390970543027
0.0646875724196434
0.024639470502734184
0.03879688307642937
0.09958992153406143
0.15033511817455292
0.10985609889030457
0.1410912275314331
0.04749121144413948
0.08389783650636673
0.13209807872772217
0.03521038964390755
0.10534485429525375
0.13491703569889069
0.24045927822589874
0.11924514174461365
0.0348992682993412
0.22519899904727936
0.18345659971237183
0.037400439381599426
0.03536786511540413
0.14986693859100342
0.17352931201457977
0.06981323659420013
0.10348597913980484
0.19571304321289062
0.1516360640525818
0.06661815196275711
0.1796344369649887
0.042010899633169174
0.09080034494400024
0.1086430475115776
0.0383230559527874
0.0689181312918663
0.184550940990448
0.13905943930149078
0.031196163967251778
0.10422667860984802
0.12558932602405548
0.11185762286186218
0.19945067167282104
0.1671149730682373
0.10345670580863953
0.11383134871721268
0.11426468938589096
0.000593425240367651
0.08358058333396912
0.14056642353534698
0.1720055788755417
0.10627984255552292
0.1564655750989914
0.13928036391735077
0.08521474152803421
0.14070715010166168
0.19979886710643768
0.1323775202035904
0.10388007014989853
0.17830146849155426
0.00015012202493380755
0.1730991005897522
0.09342160820960999
0.0016917461762204766
0.10400178283452988
0.07029083371162415
0.152238667011261
0.07834409922361374
0.08502525091171265
0.26590049266815186
0.06658951193094254
0.03657413274049759
0.07451198250055313
0.10687489062547684
0.10685291886329651
0.1825643628835678
0.10576970130205154
0.1424809843301773
0.09825810045003891
0.1272473782300949
0.09675183147192001
0.03449558466672897
0.03225571662187576
0.10136419534683228
0.14948701858520508
0.10201462358236313
6.053803372196853e-05
0.1061503067612648
0.1394280642271042
0.13166148960590363
0.19096069037914276
0.14329276978969574
0.06158772483468056
0.13617737591266632
0.243844136595726
0.0979452058672905
0.06551369279623032
0.09807366132736206
0.185978963971138
0.1028888002038002
0.08214587718248367
0.06958448141813278
0.17300575971603394
0.18597286939620972
0.1422695815563202
0.1120373010635376
0.1620749980211258
0.1356920599937439
0.06926438957452774
0.0007740797591395676
0.002112095942720771
0.2037460058927536
0.07609153538942337
0.166382297873497
0.14585737884044647
0.03438790515065193
0.1716344803571701
0.0372571237385273
0.04001523181796074
0.03121138922870159
0.09825838357210159
0.11928065866231918
0.1373974233865738
0.19404345750808716
0.034771628677845
0.10294538736343384
0.339489609003067
0.04928328096866608
0.1037309393286705
0.07033298164606094
0.1821584552526474
0.0963994637131691
0.18016000092029572
0.07982810586690903
0.1423719972372055
0.17303399741649628
0.06478282809257507
0.17554694414138794
0.18809188902378082
0.09170620888471603
0.07662232965230942
0.04024259373545647
0.034301191568374634
0.06661718338727951
0.12798452377319336
0.06787288933992386
0.15518240630626678
0.245657280087471
0.14452217519283295
0.14356176555156708
0.1814407855272293
0.13652808964252472
0.09730422496795654
0.1287480741739273
0.07230931520462036
0.21417081356048584
0.14046110212802887
0.04734675586223602
0.06842602044343948
0.1429547220468521
0.24026690423488617
0.09480483084917068
0.14584478735923767
0.10493510216474533
0.00014629813085775822
0.029914768412709236
0.06724497675895691
0.139395073056221
0.0989796593785286
0.19094116985797882
0.0845678374171257
0.03881183639168739
0.12192175537347794
0.22417564690113068
0.1727147102355957
0.10891794413328171
0.03971259668469429
0.11628276854753494
0.10798066109418869
0.17300544679164886
0.03039935790002346
0.2124294489622116
0.11527553200721741
0.11054867506027222
0.1280936747789383
0.03534936532378197
0.06938938051462173
0.13319464027881622
0.07296844571828842
0.06578880548477173
0.15266339480876923
0.10132064670324326
0.030022358521819115
0.16525188088417053
0.13923265039920807
0.10675296932458878
0.07215119153261185
0.18408221006393433
0.037111904472112656
0.15461058914661407
0.11618342995643616
0.1399695873260498
0.15884338319301605
0.046498965471982956
0.10154512524604797
0.003990636672824621
0.1795961707830429
0.04069816321134567
0.08620962500572205
0.06896389275789261
0.18576271831989288
0.11674348264932632
0.13902385532855988
0.1483977884054184
0.11701440811157227
0.04337713122367859
0.22643834352493286
0.03693209961056709
0.09505528211593628
0.12567976117134094
0.051944371312856674
0.06530328840017319
0.07938595116138458
0.09684378653764725
0.11818751692771912
0.17956727743148804
0.06865716725587845
0.03527407720685005
0.037590496242046356
0.09487032145261765
0.038933515548706055
0.12912555038928986
0.07541577517986298
0.059860553592443466
0.09823307394981384
0.17830435931682587
0.16196702420711517
0.09819518774747849
0.13694392144680023
0.03687995299696922
0.09752552956342697
0.14242935180664062
0.10034476965665817
0.15944309532642365
0.034844186156988144
0.03354361280798912
0.15190139412879944
0.051923830062150955
0.12506242096424103
0.030098825693130493
0.07516983896493912
0.10922793298959732
0.06571118533611298
0.06342468410730362
0.06161604821681976
0.06481534987688065
0.11326950788497925
0.10333946347236633
0.0012523247860372066
0.03113081306219101
0.1115545704960823
0.061390697956085205
0.039815958589315414
0.07168977707624435
0.21469171345233917
0.11591348797082901
0.0015539852902293205
0.15645211935043335
0.03481599688529968
0.1225343868136406
0.035674188286066055
0.10808345675468445
0.16164152324199677
0.1794515997171402
0.13003209233283997
0.1288885921239853
0.10413616895675659
0.08986420184373856
0.08259992301464081
0.038235846906900406
0.10287336260080338
0.17429079115390778
0.07260242849588394
8.570455975132063e-05
0.14589110016822815
0.07340282946825027
0.10951840132474899
0.09969889372587204
0.07719941437244415
0.0003431993827689439
0.1360064297914505
0.11306504160165787
0.08064795285463333
0.11792761087417603
0.04930151626467705
0.09596507996320724
0.18662752211093903
0.03666435554623604
0.03358171507716179
0.11196205765008926
0.09912558645009995
0.10570564866065979
0.03208557143807411
0.11559950560331345
0.034219976514577866
0.14066773653030396
0.10970298200845718
0.0004254564119037241
0.11129751056432724
0.14743635058403015
0.2271718978881836
0.10180199891328812
0.1455441266298294
0.030005136504769325
0.311066210269928
0.26444128155708313
0.10067850351333618
0.10416004806756973
0.031459055840969086
0.0703030452132225
0.06212138012051582
0.19884049892425537
0.06746607273817062
0.035928528755903244
0.060808103531599045
0.15289898216724396
0.036335162818431854
0.19928181171417236
0.12478011846542358
0.10155146569013596
0.037927281111478806
0.14097552001476288
0.07447340339422226
0.0642109215259552
0.06687670201063156
0.09963107854127884
0.04009037837386131
0.105827696621418
0.17778819799423218
0.18027527630329132
0.10215597599744797
0.19451826810836792
0.11794916540384293
0.11006608605384827
0.04310164228081703
0.08390989899635315
0.14521978795528412
0.1225120797753334
0.16085152328014374
0.06543771177530289
0.07745782285928726
0.15520800650119781
0.20137940347194672
0.1810915470123291
0.03818740323185921
0.2011292576789856
0.030066490173339844
0.10833188146352768
0.09566660970449448
0.1566619873046875
0.032077495008707047
0.10660328716039658
0.03365469351410866
0.0656745508313179
0.10250809788703918
0.13548384606838226
0.1374077945947647
0.24568788707256317
0.07784155011177063
0.1363552212715149
0.11322614550590515
0.06804700940847397
0.00045102962758392096
0.07808184623718262
0.0004227488243486732
0.030803082510828972
0.12643538415431976
0.18020077049732208
0.0792701318860054
0.15626072883605957
0.11224734038114548
0.030127570033073425
0.12761762738227844
0.13332243263721466
0.041162557899951935
0.06891828030347824
0.1022270917892456
0.038325436413288116
0.1721838116645813
0.08600155264139175
0.12614990770816803
0.17019487917423248
0.20583201944828033
0.11096701771020889
0.037180814892053604
0.07711488753557205
0.11140400171279907
0.07046552002429962
0.03983030840754509
0.037367042154073715
0.06861595809459686
0.12423056364059448
0.00116752739995718
0.0383383072912693
0.14828450977802277
0.03606550768017769
0.10680720955133438
0.10804396867752075
0.1046534851193428
0.12493614107370377
0.0358920581638813
0.1505063772201538
0.1317605823278427
1.5996231013559736e-05
0.11992188543081284
0.18424749374389648
0.13670675456523895
0.00032462627859786153
0.08248872309923172
0.14429275691509247
0.09391789883375168
2.097424294333905e-05
0.19197218120098114
0.08727826923131943
0.10361245274543762
0.15645931661128998
0.033994901925325394
0.053739819675683975
0.09351939707994461
0.18178881704807281
0.11118496209383011
0.1529473513364792
0.0674511268734932
0.03635212406516075
0.150553897023201
0.07547410577535629
0.06403220444917679
0.17734193801879883
6.308155207079835e-07
0.028806494548916817
0.1037689819931984
0.0618455708026886
0.1473870426416397
0.2881781756877899
0.06899993121623993
0.1460610181093216
0.12016331404447556
0.1493954360485077
0.12398996949195862
0.16882269084453583
0.1062241867184639
0.10231346637010574
0.23122447729110718
0.1428752839565277
0.14881591498851776
0.0002864360867533833
0.1124681606888771
0.1071479320526123
0.07368859648704529
0.058017704635858536
0.1800357550382614
0.2422618716955185
0.10630154609680176
0.1162213683128357
0.1666780710220337
0.14308442175388336
0.06586188822984695
0.0010495244059711695
0.10725777596235275
0.10539036989212036
0.07870651036500931
0.03359859064221382
0.17899318039417267
0.0709378719329834
0.23124057054519653
0.0720374658703804
0.03906833752989769
0.16895395517349243
0.12335595488548279
0.055998098105192184
0.19333583116531372
0.15191403031349182
0.12208741158246994
0.04306584596633911
0.06776195764541626
0.12635748088359833
0.0710507184267044
0.16017289459705353
0.173712357878685
0.06351174414157867
0.03461943194270134
0.19210749864578247
0.07639630883932114
0.06506017595529556
0.0012507314095273614
0.09210913628339767
0.14941763877868652
0.18970929086208344
0.10165390372276306
0.08030425757169724
0.06470274180173874
0.066544309258461
0.06632699072360992
0.10634329169988632
0.02808392606675625
0.10040072351694107
0.03280462697148323
0.17734144628047943
0.02970338612794876
0.06344535946846008
0.0660618469119072
0.09617355465888977
0.06470905244350433
0.1919291764497757
0.19904901087284088
0.1416509449481964
0.10690826177597046
0.10985750705003738
0.1462630331516266
0.10064589232206345
0.0641414001584053
0.07050078362226486
0.174227774143219
0.18726710975170135
0.15134231746196747
0.033373527228832245
0.11269290000200272
0.11205849051475525
0.14888374507427216
0.07892978936433792
0.09408465027809143
0.06212171912193298
0.036329012364149094
0.07736656069755554
0.10391321033239365
0.07064689695835114
0.11173629015684128
0.1287917196750641
0.0850813090801239
