0.0896451473236084
0.059585683047771454
0.03556671366095543
0.024393539875745773
0.01861514337360859
0.018176551908254623
0.012675455771386623
0.01579464226961136
0.014594587497413158
0.012714150361716747
0.010296132415533066
0.01507134735584259
0.01033827941864729
0.009559118188917637
0.008822212927043438
0.009522940963506699
0.00936413835734129
0.007640876807272434
0.008754958398640156
0.006485773250460625
0.006776864640414715
0.006517563480883837
0.00868893601000309
0.006687405053526163
0.0072907013818621635
0.007224489934742451
0.007346723228693008
0.007371347397565842
0.007022770121693611
0.007134093903005123
0.005481515545397997
0.00720959110185504
0.006212782114744186
0.0056401691399514675
0.005594853777438402
0.009064079262316227
0.005443532485514879
0.007174232508987188
0.006127986591309309
0.005431780591607094
0.005912119057029486
0.006191049236804247
0.006687439978122711
0.006435098126530647
0.0057142553851008415
0.0050923945382237434
0.00530298613011837
0.0055875228717923164
0.00477477815002203
0.006177329458296299
0.005918340291827917
0.005750885233283043
0.004763221833854914
0.0065702651627361774
0.006817882414907217
0.005400591529905796
0.00593309523537755
0.0060952347703278065
0.005213200114667416
0.005795616190880537
0.006188270635902882
0.00587614718824625
0.00421510823071003
0.004691796842962503
0.005960213951766491
0.005741530563682318
0.0056690676137804985
0.006638104096055031
0.0052987984381616116
0.00527530163526535
0.004546756856143475
0.005022427532821894
0.004403004888445139
0.005466151051223278
0.0046767364256083965
0.005636936519294977
0.004771827720105648
0.00501238415017724
0.004879352170974016
0.00487117376178503
0.005638103000819683
0.005842934362590313
0.004869423341006041
0.004696338437497616
0.0047167460434138775
0.006119569763541222
0.004387082997709513
0.0058782570995390415
0.005467916838824749
0.0045442176051437855
0.004318527411669493
0.005276401527225971
0.005333190318197012
0.004314454738050699
0.004225516691803932
0.005726651754230261
0.004353043157607317
0.005047064274549484
0.004574245307594538
0.005178994033485651
