0.08396266400814056
0.06792353093624115
0.07601413130760193
0.043698083609342575
0.031199907884001732
0.02119513228535652
0.01710282266139984
0.014066159725189209
0.011821897700428963
0.010571777820587158
0.010839015245437622
0.007249355316162109
0.007643002085387707
0.007084669079631567
0.007173127494752407
0.006707636173814535
0.007018431089818478
0.006648221053183079
0.006768818944692612
0.006378063466399908
0.007540646940469742
0.007418490946292877
0.00664447620511055
0.006624077912420034
0.005839025601744652
0.005860336124897003
0.005697318352758884
0.006321921944618225
0.0057082399725914
0.006008147727698088
0.006541624665260315
0.005526295863091946
0.005414937622845173
0.005326464772224426
0.00658202450722456
0.005738697946071625
0.005224914755672216
0.005163715220987797
0.005587472580373287
0.005771548952907324
0.006029506679624319
0.006620322819799185
0.00596704101189971
0.005377199500799179
0.005464192014187574
0.005387932062149048
0.006572944577783346
0.005345291458070278
0.005587340798228979
0.005782113876193762
0.005215815268456936
0.0053416769951581955
0.005599909462034702
0.006302110385149717
0.005129684694111347
0.005584090016782284
0.005069853272289038
0.005872749723494053
0.00574909895658493
0.006027021910995245
0.005858507007360458
0.0055540986359119415
0.005156508646905422
0.005570674315094948
0.006103550549596548
0.00462957751005888
0.006695236545056105
0.006148694083094597
0.006616487633436918
0.005491660442203283
0.005134301260113716
0.005419503897428513
0.005115433130413294
0.004955078475177288
0.005205593071877956
0.005463074892759323
0.005310533102601767
0.0053354776464402676
0.00569136580452323
0.0058419061824679375
0.005492344498634338
0.005548860877752304
0.004334014840424061
0.005179952830076218
0.004918213468044996
0.005145078059285879
0.004798993468284607
0.005486335605382919
0.005166954360902309
0.005421997047960758
0.005397339817136526
0.0050354162231087685
0.005628771148622036
0.005603152327239513
0.004684661515057087
0.005047631449997425
0.004946605302393436
0.00498628243803978
0.005021495744585991
0.004841477610170841
0.00573701411485672
0.006474373396486044
0.005788078065961599
0.005360792391002178
0.005079804919660091
0.005457310937345028
0.004975797608494759
0.005122584756463766
0.005180567502975464
0.005193699151277542
0.005007845349609852
0.005423630587756634
0.005034215748310089
0.005108973942697048
0.00544164702296257
0.004620058462023735
0.005255324300378561
0.0049815187230706215
0.005204284563660622
0.004820660687983036
0.005759067367762327
0.005808667745441198
0.004957242868840694
0.005169445648789406
0.005351749714463949
0.0052799805998802185
0.005633083637803793
0.0052415295504033566
0.005088513717055321
0.005098980851471424
0.005612678360193968
0.004700755700469017
0.004558378830552101
0.004877089988440275
0.005901402793824673
0.0058600157499313354
0.005026331637054682
0.0046922266483306885
0.005293886177241802
0.005724373739212751
0.00526841264218092
0.004706399515271187
0.005066371522843838
0.005073349457234144
0.005179192870855331
0.005071541760116816
0.005439236760139465
0.005192910321056843
0.004727551713585854
0.005321606528013945
0.004963894374668598
0.0049825734458863735
0.005281907971948385
0.004959451034665108
0.005703240633010864
0.004982665181159973
0.004855364561080933
0.005072771105915308
0.006007810588926077
0.005818868055939674
0.005180323030799627
0.005143849644809961
0.005690540187060833
0.005805682390928268
0.00515905674546957
0.005434191785752773
0.004607451613992453
0.004695753566920757
0.005075122229754925
0.005136133171617985
0.006418050266802311
0.005153674632310867
0.0049895416013896465
0.005523653235286474
0.005006811115890741
0.00486241839826107
0.004449606407433748
0.004863071255385876
0.005216270685195923
0.004653105512261391
0.005320104770362377
0.005618290044367313
0.004839778877794743
0.004808768164366484
0.00500293355435133
0.004397154785692692
0.005050720646977425
0.004378112033009529
0.004894247744232416
0.005399699322879314
0.004940434359014034
0.00485069677233696
0.00531513337045908
0.005431371740996838
0.004988186527043581
0.004860786721110344
0.004702703561633825
0.004769847262650728
0.004212765023112297
0.0064626275561749935
0.005748588591814041
0.004446741193532944
0.00544361025094986
0.00411969143897295
0.00525919534265995
0.00483131967484951
0.004651202820241451
0.004801850765943527
0.005500863306224346
0.005403384566307068
0.005035565234720707
0.005242583807557821
0.005481436848640442
0.005452058278024197
0.005034497939050198
0.004969214089214802
0.005147694610059261
0.005110099911689758
0.0050573451444506645
0.005285748280584812
0.004539615474641323
0.0046354420483112335
0.004590448923408985
0.005012097768485546
0.004830508958548307
0.005196417681872845
0.005526346154510975
0.0049556344747543335
0.005414437502622604
0.005970214493572712
0.0056565324775874615
0.005236658733338118
0.005291000008583069
0.0050273677334189415
0.005821448750793934
0.004507922101765871
0.005601813551038504
0.00558861531317234
0.0056060790084302425
0.004971311893314123
0.005560297053307295
0.005140075925737619
0.0051738191395998
0.004666260909289122
0.0051738000474870205
0.0044838665053248405
0.004690307658165693
0.00597717147320509
0.005665957927703857
0.004976816475391388
0.005556114949285984
0.004883599933236837
0.004504093434661627
0.005870649125427008
0.0049982499331235886
0.005409718956798315
0.004807049408555031
0.004810757003724575
0.0055923922918736935
0.005614542867988348
0.005196106620132923
0.005227759480476379
0.00513683445751667
0.005619447212666273
0.0047850338742136955
0.0047334893606603146
0.005279114004224539
0.004630806855857372
0.004871673882007599
0.004983932711184025
0.005112172104418278
0.00473693897947669
0.005229414906352758
0.0048840707167983055
0.005636580288410187
0.004937115125358105
0.005317967385053635
0.0044694934040308
0.005434646736830473
0.004689335357397795
0.0049504563212394714
0.005575132556259632
0.004982777871191502
0.0057436153292655945
0.005339677445590496
0.004434884991496801
0.004987101070582867
0.0052422089502215385
0.0055506592616438866
0.004914196208119392
0.005031308624893427
0.00496022729203105
0.005639917682856321
0.005008784122765064
0.0059577785432338715
0.005589398555457592
0.005347792990505695
0.00487582478672266
0.005205584689974785
0.004846129100769758
0.00460940133780241
0.004369514994323254
0.004588124342262745
0.004797882866114378
0.005939455237239599
0.004783961921930313
0.0050152502954006195
0.005573420785367489
0.004776734858751297
0.004899105057120323
0.004582617431879044
0.00460012536495924
0.0053191459737718105
0.005555662326514721
0.004770675208419561
0.005258168093860149
0.005777026526629925
0.005071893334388733
0.00575332110747695
0.005562398117035627
0.005642738193273544
0.004933105781674385
0.004705565050244331
0.005649815313518047
0.005375982727855444
0.004605885595083237
0.0053758579306304455
0.004851081874221563
0.004736684262752533
0.004899148363620043
0.005192394368350506
0.004656974226236343
0.004351804032921791
0.005771148018538952
0.004893225152045488
0.004846065305173397
0.005349380429834127
0.005342557094991207
0.00556002464145422
0.005163520108908415
0.006329215131700039
0.005427598487585783
