2.2685389164955385
2.149592471122742
2.046028184890747
1.9774556644501224
1.9090311627234182
1.8379863585195233
1.7633594643685127
1.7052574449969877
1.6312795739020072
1.5754114643219979
1.5001948095137072
1.395471574414161
1.3225980804812523
1.1866089978525716
1.0514821848561686
0.90699161137304
0.7217929651660304
0.5510962943876944
0.4172697447240353
0.22043993324041367
0.08422186929852732
0.0995184839853356
0.16687259063004486
0.032669451011104446
0.007047870023656757
0.003786233565469663
0.0023224967047421924
0.001984685672927768
0.005269192483261107
0.0028454696091132297
0.001268363444720425
0.001075284598740719
0.0009437183136000268
0.00085237174024505
0.0007777731094862364
0.0007116796807461088
0.0006577363230227943
0.0006126722801596887
0.0005706368706136522
0.0005358794461860652
0.00050213654795962
0.00047642126981724774
0.00045170994351557904
0.0004288423875902569
0.00040786163243014485
0.00038974996545397105
0.00037050904873232805
0.0003561815783952273
0.0003411000841409869
0.0003293207049512515
0.0003189034441733853
0.0003050357539905235
0.00029428593181599414
0.0002837066507181002
0.00027580307965587464
0.0002676407684526977
0.00025798593123909085
0.000249798264637995
0.00024225760172421652
0.0002356480004363543
0.00022867847954095792
0.00022353583950579406
0.00021661639109351523
0.00021237008641624162
0.0002054096961435261
0.00020009971718067273
0.00019542281426707163
0.00019129420496380678
0.00018691410913297365
0.0001824477150465452
0.0001786618404308214
0.00017445988924009727
0.00017139896437818664
0.000167206181504298
0.0001636810720458837
0.00016010761103262344
0.00015765597077739996
0.000154300436289275
0.00015142302678038005
0.00014843163786985492
0.00014558134256907168
0.0001435002857056867
0.0001409232943607945
0.00013858068597337773
0.0001353678319578795
0.00013385625439226597
0.00013149688154132287
0.000128482669899841
0.00012651976254757403
0.0001248697376614737
0.0001233089781899546
0.00012083811851616408
0.00011968580966499904
0.00011725787013757884
0.00011531921770637705
0.00011431393337965522
