0.07260952889919281
0.05369831621646881
0.0359019860625267
0.01948058418929577
0.018647819757461548
0.01742219552397728
0.013693551532924175
0.02040901593863964
0.012298917397856712
0.011807529255747795
0.012343219481408596
0.012400321662425995
0.011498961597681046
0.013617432676255703
0.010662615299224854
0.011095522902905941
0.014734609983861446
0.009771334007382393
0.011948364786803722
0.010181834921240807
0.0127898333594203
0.008669286966323853
0.012981200590729713
0.010642513632774353
0.009541572071611881
0.011306140571832657
0.013014394789934158
0.009119079448282719
0.007721181958913803
0.010363554581999779
0.009477028623223305
0.015451684594154358
0.010194839909672737
0.009442314505577087
0.007510194089263678
0.010112512856721878
0.008957289159297943
0.009744456969201565
0.010735377669334412
0.009383756667375565
0.013398168608546257
0.008193856105208397
0.009621337056159973
0.008997904136776924
0.00811631791293621
0.009251078590750694
0.009988950565457344
0.006966458633542061
0.012077728286385536
0.007649255450814962
0.007205895148217678
0.010493112727999687
0.006759140640497208
0.008225804194808006
0.006631957367062569
0.007967844605445862
0.011629096232354641
0.007713982369750738
0.008591832593083382
0.009057189337909222
0.0070347972214221954
0.006488661281764507
0.0074257925152778625
0.006409733556210995
0.008482362143695354
0.007276257500052452
0.007040192373096943
0.008216454647481441
0.005386556498706341
0.008855195716023445
0.007697233464568853
0.006068378686904907
0.0068191057071089745
0.006144654005765915
0.0069425045512616634
0.005509520880877972
0.00556825939565897
0.008955633267760277
0.008257715031504631
0.00812128558754921
0.006106030195951462
0.00662241829559207
0.008063439279794693
0.006734805181622505
0.007619140204042196
0.006760552525520325
0.006292862351983786
0.0066598146222531796
0.007233505602926016
0.009336027316749096
0.006550940684974194
0.006297050975263119
0.007382228970527649
0.00606110692024231
0.0071225035935640335
0.006311045028269291
0.005997943691909313
0.004668667446821928
0.006289519369602203
0.008163556456565857
